8 9
8 8 10 9 7 10 9 8 9
10 3 0 0 8 0 2 7 2
2 5 1 10 6 8 0 0 9
3 4 4 9 9 8 8 10 5
5 10 0 4 0 2 5 7 2
2 2 7 1 7 3 9 0 1
3 8 9 0 4 0 10 9 1
1 6 8 4 0 4 0 2 6
1
6 1
100
2 8
6 9
6 9
5 6
4 4
6 2
8 7
7 2
1 6
8 3
8 7
1 6
2 2
1 4
3 6
1 6
2 2
6 1
8 7
7 6
1 6
5 4
2 8
6 4
6 2
7 8
6 3
7 6
5 2
3 4
1 2
2 6
4 9
5 4
7 7
8 3
3 7
2 3
7 8
4 6
3 2
4 9
3 7
4 5
7 6
3 1
6 6
6 1
6 8
6 4
3 8
4 4
4 6
2 4
5 9
6 1
5 3
6 8
6 6
4 4
6 3
1 6
8 7
1 7
4 9
5 3
7 3
5 3
6 8
2 6
4 6
3 8
6 8
7 6
8 7
2 7
1 7
4 7
6 1
2 7
1 9
1 6
4 4
8 6
7 2
7 1
1 4
7 8
8 7
4 3
3 4
1 6
7 2
7 9
5 5
8 6
1 2
4 6
8 7
6 2